tree
version=v4
num_class=1
num_tree_per_iteration=1
label_index=0
max_feature_idx=15
objective=lambdarank
feature_names=Column_0 Column_1 Column_2 Column_3 Column_4 Column_5 Column_6 Column_7 Column_8 Column_9 Column_10 Column_11 Column_12 Column_13 Column_14 Column_15
feature_infos=[0:0.94838263994058936] [-2.3295867809695161:83.360187266323322] [0:0.83333333333333337] [0:13] [1:15] [2:208] [0:1] [0:1] [0:1] [0:594] [0:1] [0:1] [0:7] [0:2] [0:4] [0:3]
tree_sizes=3442 3459 3461 3452 3442 3445 3468 3464 3451 3460 3448 3469 3477 3443 3451 3459 3462 3457 3463 3458 3481

Tree=0
num_leaves=31
num_cat=0
split_feature=15 1 1 10 4 4 11 0 6 11 10 11 12 1 4 6 5 10 6 5 5 6 0 1 1 6 2 6 6 11
split_gain=3621.79 1478.63 276.133 189.371 130.056 109.03 89.29 64.2724 58.3262 51.7835 49.882 36.1229 40.2321 33.976 46.1245 28.9385 27.5106 24.2668 23.5711 22.2837 21.5717 20.2599 19.3958 19.2866 17.2643 17.003 19.7183 15.9277 14.9626 13.0663
threshold=1.0000000180025095e-35 9.170542659218281 13.34111264423367 0.11437908496732026 3.5000000000000004 2.5000000000000004 0.69047619047619058 0.22396224102685811 0.39357170517619727 0.69047619047619058 0.30901856763925734 0.69047619047619058 1.0000000180025095e-35 18.694846262842358 4.5000000000000009 0.39105447276361821 34.500000000000007 0.27466150870406197 0.45738498789346249 15.500000000000002 22.500000000000004 0.45738498789346249 0.16962908460208706 7.3816013701464191 11.510494563885123 0.61715261360651441 0.054299754299754262 0.32811353070712018 0.029631255487269501 0.69047619047619058
decision_type=2 2 2 2 2 2 2 2 2 2 2 2 2 2 2 2 2 2 2 2 2 2 2 2 2 2 2 2 2 2
left_child=-1 3 4 5 17 15 8 9 16 18 11 12 21 14 -4 20 22 -3 28 -8 23 24 -7 -2 -6 26 -10 -19 -5 -12
right_child=1 2 13 7 10 6 19 -9 25 -11 29 -13 -14 -15 -16 -17 -18 27 -20 -21 -22 -23 -24 -25 -26 -27 -28 -29 -30 -31
leaf_value=-0.10000000000000001 -0.027653926111482936 0.06463856053771426 0.080730311990023729 0.06220633400326251 -0.0060714425670630248 -0.061357675235244637 -0.046154556122423473 6.9345088415617852e-05 0.042438245006274689 0.0047809835588352228 -0.035236409281841789 0.069813587079509062 -0.040134523901391578 0.091271589316921115 0.044122244609797218 0.072117727546543359 0.00067597483085576275 0.0014293066436825365 -0.0062373627929036453 0.065843926149668872 0.040379183951024619 0.054871441534556635 -0.01817323908085795 0.024958021210015304 0.039196348389185023 0.080887217407336398 -0.018121385850705673 0.055229220051563346 -0.081838587854179579 0.014807534637834453
leaf_weight=686.04948366945609 34.466561553999782 245.35340271517634 325.22743602283299 1.8197242096066464 52.898558912798762 145.35137554164976 5.1619652649387708 39.828495997004211 18.036241649650037 21.673486502841115 59.444997838698328 34.621019779704511 28.690361405722797 391.36558833625168 116.99671031814069 30.13497637398541 26.856407868675888 27.956656310707331 11.301783547736703 31.808576875366271 57.14971037209034 40.015039256773889 31.665737709030509 35.21821622364223 34.997321117669344 6.6570957917720071 52.760845961049199 27.08601657487452 194.0083373375237 16.709805007092655
leaf_count=19594 661 1583 1590 19 709 2671 85 948 154 324 877 185 390 1620 908 206 395 307 137 227 584 286 589 387 341 42 733 209 4016 169
internal_value=-8.7614e-10 0.0319797 0.0622239 -0.0249944 0.0353307 -0.00602822 -0.0228458 -0.0585496 -0.0324459 -0.0687536 0.0099658 0.0235946 0.0133767 0.0805413 0.0710451 0.028074 -0.0464785 0.0579075 -0.076448 0.0502063 0.0176096 0.0253792 -0.0536326 -0.0010642 0.0119527 0.00449041 -0.00269324 0.0279038 -0.0805001 -0.0242558
internal_weight=2831.31 2145.26 1401.36 743.9 567.773 475.268 318.298 268.632 281.328 228.803 267.377 191.222 156.601 833.59 442.224 156.969 203.874 300.396 207.13 36.9705 126.834 127.911 177.017 69.6848 87.8959 77.4542 70.7971 55.0427 195.828 76.1548
internal_count=40946 21352 9174 12178 5056 6734 4896 5444 4584 4496 2957 1911 1726 4118 2498 1838 3655 2099 4172 312 1632 1336 3260 1048 1050 929 887 516 4035 1046
is_linear=0
shrinkage=0.05


Tree=1
num_leaves=31
num_cat=0
split_feature=15 1 0 1 4 10 6 11 10 4 5 11 6 12 4 6 1 12 6 11 4 6 4 6 1 6 4 8 5 6
split_gain=8063.45 3783.57 642.994 490.132 410.848 358.296 261.556 219.095 198.291 197.703 178.182 147.23 193.832 116.196 93.0728 85.286 80.8821 79.4556 79.1753 70.1528 67.6488 63.0787 62.9587 67.0683 57.3621 57.0781 55.7503 53.1055 51.8613 53.5932
threshold=1.0000000180025095e-35 11.263296061732014 0.12250580602409337 20.42890657971628 3.5000000000000004 0.51086956521739146 0.43929241490217102 0.69047619047619058 0.078461538461538458 2.5000000000000004 25.500000000000004 0.69047619047619058 0.45738498789346249 1.0000000180025095e-35 3.5000000000000004 0.28084674496157752 8.8135322854006688 1.0000000180025095e-35 0.24509048902579897 0.69047619047619058 4.5000000000000009 0.63453348819202493 2.5000000000000004 0.43929241490217102 7.9379626102427014 0.27475490196078439 5.5000000000000009 1.0000000180025095e-35 15.500000000000002 0.50862325304787404
decision_type=2 2 2 2 2 2 2 2 2 2 2 2 2 2 2 2 2 2 2 2 2 2 2 2 2 2 2 2 2 2
left_child=-1 2 8 4 22 6 7 9 10 16 25 12 15 24 -8 -6 18 -14 -4 -12 -17 -10 -3 -24 -11 -2 -19 -26 29 -27
right_child=1 3 5 -5 11 -7 14 -9 21 13 19 -13 17 -15 -16 20 -18 26 -20 -21 -22 -23 23 -25 27 28 -28 -29 -30 -31
leaf_value=-0.092702443247463934 -0.068833099328176481 0.079460203729106754 -0.027409079546391504 0.077379415141685531 -0.027310397836260186 -0.04791490904947341 0.049222932155175675 0.038898283515972298 -0.07073023702492863 -0.035065874265646814 -0.012708053422871438 0.052286941304649684 0.045387995986435864 -0.060026097252495372 0.0083747448792269637 0.02599327540086966 0.030233997558961195 0.023324422192035371 0.013854206215740576 0.041013111966119266 -0.0034595908355841221 0.09659664421193434 0.044464945421051914 0.069682209866175224 -0.0038734206908366147 -0.066324324989706529 -0.061966871431037532 -0.044238208424786374 -0.016111436398497499 0.012231981106581935
leaf_weight=1946.0082557681017 188.34680466260761 363.5138880982995 188.80161930806935 1233.6865359600633 166.61816843878478 363.12311732349917 379.00133683718741 277.48323056288064 452.40467354469001 267.51565960980952 293.04437956959009 449.82692633010447 646.70531760156155 164.76053151488304 220.6271396689117 412.94082809984684 322.18943960219622 55.565991029143333 302.53508051298559 76.670303419232368 369.32955736108124 5.7033737897872916 608.80965114943683 465.10281908512115 727.02789720427245 144.71872781123966 29.241868823766708 91.769878033548594 181.28692158870399 25.543525367975235
leaf_count=19594 913 363 845 1176 406 1750 566 498 2410 1417 813 522 777 831 456 625 445 90 825 92 739 5 762 484 1957 667 68 219 578 53
internal_value=-1.44672e-10 0.0190418 -0.0129885 0.0502129 0.0408188 -0.00105632 0.00472787 -0.00281596 -0.0418204 -0.00842238 -0.0283096 0.0268808 0.0200799 -0.0208992 0.0341933 0.00516978 0.010765 0.0394206 -0.00200167 -0.00156752 0.0120878 -0.068647 0.0614744 0.0553863 -0.0149648 -0.0466223 -0.00608414 -0.00839746 -0.0347226 -0.0545389
internal_weight=11419.9 9473.9 4672.55 4801.34 3567.66 3304.83 2941.71 2342.08 1367.72 2064.6 909.611 2130.23 1680.4 1251.07 599.628 948.889 813.526 731.513 491.337 369.715 782.27 458.108 1437.43 1073.91 1086.31 539.896 84.8079 818.798 351.549 170.262
internal_count=40946 21352 15340 6012 4836 9809 8059 7037 5531 6539 3116 3227 2705 4424 1022 1770 2115 935 1670 905 1364 2415 1609 1246 3593 2211 158 2176 1298 720
is_linear=0
shrinkage=0.05


Tree=2
num_leaves=31
num_cat=0
split_feature=15 1 1 1 10 4 4 5 0 11 6 11 6 6 11 6 4 0 4 1 6 11 6 12 12 6 0 5 1 0
split_gain=5850.91 2687.26 514.678 291.157 231.287 210.583 205.87 126.471 131.366 110.814 107.255 94.2461 95.529 93.9682 77.9981 72.4677 71.1895 67.4631 62.5306 68.3833 59.0021 58.2776 76.5661 64.8401 54.8378 52.643 49.3726 39.4222 44.5306 51.9778
threshold=1.0000000180025095e-35 11.734416087629658 8.0204043408313073 19.577281073705034 0.025913621262458403 3.5000000000000004 3.5000000000000004 34.500000000000007 0.1201395715681474 0.69047619047619058 0.30820856995353646 0.69047619047619058 0.47106647537063612 0.43929241490217102 0.69047619047619058 0.60922587486744451 2.5000000000000004 0.20294674427999679 5.5000000000000009 24.300119845885369 0.54631217838765023 0.69047619047619058 0.28084674496157752 1.0000000180025095e-35 1.0000000180025095e-35 0.47106647537063612 0.084475083892178213 12.500000000000002 9.5832945282336937 0.18502381893838846
decision_type=2 2 2 2 2 2 2 2 2 2 2 2 2 2 2 2 2 2 2 2 2 2 2 2 2 2 2 2 2 2
left_child=-1 2 4 6 7 10 -3 8 -2 13 14 12 24 17 16 21 27 -6 -5 -20 -12 22 -8 -24 -7 -10 -9 -4 29 -29
right_child=1 3 5 18 9 11 15 26 25 -11 20 -13 -14 -15 -16 -17 -18 -19 19 -21 -22 -23 23 -25 -26 -27 -28 28 -30 -31
leaf_value=-0.087405618560783382 -0.044765310557632054 0.055682870031031929 -0.034342373647515537 0.074921204728930449 -0.073192306491356468 -0.020879666045670785 -0.021992156737277436 -0.013271293455942169 -0.013445388846745787 0.0016890862882814142 0.024629092260707378 0.021197149348035377 0.016293380667629954 0.00086701071525784187 0.055804244902541669 0.062514321024226702 -0.024440271702109294 -0.030053106183987127 0.021391761118360955 0.068441009921545989 0.067217285417169745 0.042372001091715926 0.027510102232204348 -0.0099236065423824876 -0.058299214767898393 0.032121121744004208 0.036537434299578418 0.041773035858766225 0.049888870233078988 -0.021045700395301833
leaf_weight=1598.9142865831964 411.10621464625001 1036.6591535955667 37.495311580598354 886.73710415326059 468.27247161790729 535.76071978453547 106.55696407333016 77.203321317210793 467.51332241483033 86.229651742614806 749.44814854487777 173.29598544538021 151.85500429198146 60.031939554959536 58.36818677559495 131.51509410329163 247.05822263844311 112.37709750467911 131.09486276190728 187.95920919626951 91.225239247083664 325.13991311751306 876.75764110125601 133.26264912262559 119.80268915463239 73.327010802924633 139.92547380924225 54.259970713406801 83.612091096118093 83.762515287846327
leaf_count=19594 2007 1353 82 1032 3354 2063 333 187 2040 324 1490 315 341 200 105 174 864 844 162 205 105 429 1403 380 645 161 309 102 130 213
internal_value=-9.45391e-11 0.0172587 -0.00993154 0.0477713 -0.0293776 0.0055212 0.0383834 -0.0156071 -0.0234612 -0.0515242 0.0179306 -0.0122597 -0.0194406 -0.0586862 0.00107415 0.0269841 -0.00523673 -0.0648433 0.0680913 0.0491091 0.0292505 0.023743 0.0183183 0.0225711 -0.027718 -0.00726749 0.0188272 0.0130722 0.0210936 0.00364986
internal_weight=9696.53 8097.61 4281.93 3815.68 1895.99 2385.94 2609.89 1169.08 951.947 726.911 1405.23 980.714 807.418 640.682 564.556 1573.23 506.188 580.65 1205.79 319.054 840.673 1441.72 1116.58 1010.02 655.563 540.84 217.129 259.13 221.635 138.022
internal_count=40946 21352 15881 5471 9426 6455 4072 4704 4208 4722 3091 3364 3049 4398 1496 2719 1391 4198 1399 367 1595 2545 2116 1783 2708 2201 496 527 445 315
is_linear=0
shrinkage=0.05


Tree=3
num_leaves=31
num_cat=0
split_feature=15 1 1 0 10 6 5 4 10 1 4 4 11 6 6 11 12 10 11 2 11 12 11 1 5 1 6 4 1 6
split_gain=4557.17 2106.14 357.625 311.064 186.702 170.247 143.858 136.643 119.255 84.274 93.0205 81.7963 64.3774 58.8766 57.4503 52.4991 55.7807 49.6671 44.3463 43.9128 41.705 44.8989 41.4656 39.5094 38.8839 38.5683 38.0586 39.0599 35.8318 34.8772
threshold=1.0000000180025095e-35 10.804436691541051 15.30654983655962 0.14049130170776133 0.078461538461538458 0.39105447276361821 26.500000000000004 3.5000000000000004 0.21825396825396823 21.679251708591355 4.5000000000000009 2.5000000000000004 0.69047619047619058 0.56635220125786179 0.6466063348416291 0.69047619047619058 1.0000000180025095e-35 0.25833333333333336 0.69047619047619058 0.067424242424242359 0.69047619047619058 1.0000000180025095e-35 0.69047619047619058 9.170542659218281 15.500000000000002 7.9379626102427014 0.44543650793650796 2.5000000000000004 9.9769531948963337 0.49089705395564381
decision_type=2 2 2 2 2 2 2 2 2 2 2 2 2 2 2 2 2 2 2 2 2 2 2 2 2 2 2 2 2 2
left_child=-1 3 7 4 6 8 13 26 12 10 -4 -7 19 -2 24 16 -8 18 29 25 21 -10 23 -6 -13 -5 27 -3 -26 -9
right_child=1 2 9 5 22 11 15 17 20 -11 -12 14 -14 -15 -16 -17 -18 -19 -20 -21 -22 -23 -24 -25 28 -27 -28 -29 -30 -31
leaf_value=-0.083120537214216805 -0.03577023309107405 0.053654837999124294 0.05680812219778425 -0.01360954291027649 -0.068414930316565412 0.050084655815523772 0.0069865012309993646 0.005004766732304264 -0.031405218631725067 0.068660116900924606 0.028868921483143864 -0.01478215082477463 0.037135968696586308 0.054394340990278761 0.06711858362986893 0.046054336734877556 -0.055678942700277456 -0.0043147493613566916 0.045355824569383869 -0.017389454497096116 0.0036256706592391837 -0.084871850152271167 -0.018217909500254828 -0.01904116561030441 0.0043154005847426801 0.015740032375948048 0.056687052190832511 0.023764896501010196 0.044296977067586792 0.033280127848599031
leaf_weight=1386.036539955996 577.41819265624508 156.00265678018332 916.60083332285285 172.64670245349407 351.49074370693415 177.79056330211461 240.42161577567458 372.41648056684062 333.60930672194809 744.37696406617761 441.36746689118445 158.99928528629243 104.71128988265991 18.691605314612389 40.461209923028946 70.189049459993839 41.665589582175016 313.25724693853408 135.52949216961861 370.09772682748735 72.813231037929654 44.503363772295415 60.276455774903297 45.797313576564193 183.76379930414259 318.3137697451748 242.61713495105505 365.10082618519664 80.625651275739074 154.22326534986496
leaf_count=19594 2960 234 1255 879 2740 337 784 990 1961 960 762 526 221 39 55 114 156 855 178 1331 203 468 253 207 550 873 344 667 195 255
internal_value=-1.01871e-10 0.0157694 0.0412634 -0.0125004 -0.0306289 -0.000117746 -0.017973 0.0244902 -0.00979517 0.055139 0.0477273 0.0212493 0.000117403 -0.032943 0.0101969 0.00735877 -0.00226948 0.0120889 0.0198491 -0.00438434 -0.0310254 -0.0376982 -0.0568605 -0.0627234 0.00475718 0.00541923 0.0403291 0.032713 0.0165078 0.013285
internal_weight=8691.82 7305.78 3841.49 3464.29 1405.95 2058.34 948.386 1739.15 1416.7 2102.35 1357.97 641.641 965.769 596.11 463.85 352.276 282.087 975.426 662.169 861.058 450.926 378.113 457.565 397.288 423.389 490.96 763.721 521.103 264.389 526.64
internal_count=40946 21352 6500 14852 7253 7599 4053 3523 5936 2977 2017 1663 3304 2999 1326 1054 940 2278 1423 3083 2632 2429 3200 2947 1271 1752 1245 901 745 1245
is_linear=0
shrinkage=0.05


Tree=4
num_leaves=31
num_cat=0
split_feature=15 1 1 1 4 6 11 4 4 6 10 6 6 4 11 4 11 6 9 6 4 6 2 2 11 10 5 12 4 0
split_gain=3682.57 1754 373.223 181.072 158.009 145.015 132.063 139.609 110.999 62.2438 62.3062 59.9484 58.3505 57.4391 48.7317 45.391 44.617 43.1121 38.963 37.7561 37.6703 47.6554 42.9644 37.2706 36.27 35.4876 37.8905 35.2285 28.486 53.0672
threshold=1.0000000180025095e-35 12.307548333685883 8.3537486206430973 19.577281073705034 3.5000000000000004 0.39105447276361821 0.4642857142857143 2.5000000000000004 4.5000000000000009 0.4503521126760564 0.36931818181818182 0.54631217838765023 0.26336189310485519 2.5000000000000004 0.69047619047619058 2.5000000000000004 0.69047619047619058 0.34815546772068512 1.0000000180025095e-35 0.61715261360651441 2.5000000000000004 0.27130750605326881 0.13188405797101446 0.038711288711288656 0.69047619047619058 0.012628845699897702 37.500000000000007 1.0000000180025095e-35 7.5000000000000009 0.44395633537090645
decision_type=2 2 2 2 2 2 2 2 2 2 2 2 2 2 2 2 2 2 2 2 2 2 2 2 2 2 2 2 2 2
left_child=-1 2 5 8 9 6 7 12 15 10 16 14 18 -7 27 -3 20 24 23 -15 -4 -22 -23 -2 -17 26 -9 -6 -5 -30
right_child=1 3 4 28 11 13 -8 25 -10 -11 -12 -13 -14 19 -16 17 -18 -19 -20 -21 21 22 -24 -25 -26 -27 -28 -29 29 -31
leaf_value=-0.07958044630360199 0.019812992787750394 0.067031956529133657 0.02787459458291372 0.064140816864620739 -0.013303982985938215 0.04072811409328924 0.0054418824355555381 -0.04661252360996631 0.016460572661650217 0.043339610016193159 -0.020873768945656228 0.035769743974842109 0.0042511696183958969 -0.012498899047542133 0.011742891744279253 0.012559137928311707 0.05744330665019598 0.045117527408538249 -0.05988915265671424 0.051422091202038611 -0.025924141292861937 0.01911840617321247 -0.056294959727923137 -0.032448546760003125 0.048301999689944253 -0.063041316723877833 -0.00017374893350662914 -0.043833537600122784 -0.0096482951748097512 0.076789239031353512
leaf_weight=1229.1214669358451 46.983839519321918 168.98193475604057 320.64823339320719 883.9849383495748 541.4277084749192 81.769590857438743 207.46848781593144 387.36898407898843 565.89252188801765 219.00493283197284 114.26543410029262 69.736112393438816 202.19421159289777 259.63116674497724 165.32767914235592 223.97052134945989 67.657065592706203 883.05657741613686 82.854668263345957 25.357765756547451 95.55056088231504 298.08448533155024 20.164108164608479 124.54934435896575 103.90160572901368 331.5409939433448 49.542381249368191 114.4690952685196 37.508336218073964 33.719880938529968
leaf_count=19594 125 257 665 1303 2161 204 693 2582 1255 394 464 141 762 1121 342 480 115 1403 809 46 385 755 71 641 147 3100 169 666 58 38
internal_value=-9.21842e-11 0.0145413 -0.00769236 0.0438612 0.00702384 -0.0242658 -0.0314482 -0.0376959 0.0351089 0.0193923 0.0136691 -0.00873761 -0.015798 0.00378769 -0.012517 0.0427564 0.0185899 0.0393688 -0.0317336 -0.00681133 0.0150108 0.00504278 0.0143402 -0.0181338 0.0238859 -0.0507066 -0.0413467 -0.0186321 0.0616898 0.0312718
internal_weight=7955.73 6726.61 3825.6 2901.02 2026.34 1799.26 1432.5 1225.03 1945.8 1135.37 916.37 890.961 456.582 366.759 821.224 1379.91 802.104 1210.93 254.388 284.989 734.447 413.799 318.249 171.533 327.872 768.452 436.911 655.897 955.213 71.2282
internal_count=40946 21352 16411 4941 6159 10252 8881 8188 3542 2849 2455 3310 2337 1371 3169 2287 1991 2030 1575 1167 1876 1211 826 766 627 5851 2751 2827 1399 96
is_linear=0
shrinkage=0.05


Tree=5
num_leaves=31
num_cat=0
split_feature=15 1 1 6 10 4 0 11 4 1 10 4 1 6 5 6 5 0 6 1 4 7 5 1 6 4 11 14 6 1
split_gain=3049.4 1460.57 252.36 208.048 163.352 133.719 102.04 97.2974 100.211 65.2078 60.8037 60.7894 53.2797 43.7 43.8377 41.4049 37.4887 47.7611 48.2097 36.4049 34.0229 33.3678 32.7353 30.2857 29.8185 29.3522 31.5245 42.0229 33.4427 29.1605
threshold=1.0000000180025095e-35 10.676578794702003 16.080740768174035 0.42153549010140029 0.11437908496732026 4.5000000000000009 0.18180905736227324 0.69047619047619058 3.5000000000000004 8.8135322854006688 0.38675213675213677 2.5000000000000004 20.012299511349237 0.60922587486744451 15.500000000000002 0.28474903474903474 22.500000000000004 0.1145873866690716 0.22933743169398904 7.1379793665602653 3.5000000000000004 1.0000000180025095e-35 18.500000000000004 6.9325615894736572 0.31444622792937404 2.5000000000000004 0.4642857142857143 1.0000000180025095e-35 0.48514268902618424 9.9281033612615772
decision_type=2 2 2 2 2 2 2 2 2 2 2 2 2 2 2 2 2 2 2 2 2 2 2 2 2 2 2 2 2 2
left_child=-1 3 5 4 7 10 19 8 9 16 25 -5 20 14 -13 -12 17 -2 -19 -6 -4 -7 -9 -18 -8 -3 27 28 -27 -16
right_child=1 2 12 11 6 21 24 22 -10 -11 15 13 -14 -15 29 -17 23 18 -20 -21 -22 -23 -24 -25 -26 26 -28 -29 -30 -31
leaf_value=-0.076606479617956913 -0.058435911210335825 0.056445613056035751 0.056123800291955787 0.045752665439944919 -0.0639859264151309 -0.0026848420699221122 -0.02577607371474407 -0.011157455191578451 -0.034087452376724239 0.01339486281908521 -0.026208500323475895 -0.021689359265907416 0.059912978209570415 0.049833374023238147 0.0042827820454683831 0.021168282524909841 -0.01357181779422752 -0.052209344206360579 -0.005706668958036858 -0.037062448926248812 0.033692433689710435 0.054638678405936392 0.038673862651436144 0.02163186296901265 0.006808947348964302 0.023853017995146383 0.055078188601398341 -0.052785306162230011 0.047353861642626935 0.046310104468719582
leaf_weight=1104.4559388173511 77.010418625548482 163.44651179015636 257.3547984957695 127.75547520816326 252.80994900641963 445.65971311181784 192.04912629583851 44.110512111335993 417.19184560421854 327.18325559236109 61.383461109362543 139.31405205838382 804.78883249685168 51.186530083417892 186.45904918946326 185.42629892937839 141.55090543162078 69.54967616032809 280.56476654671133 249.43710129428655 492.62799619417638 26.919940631836653 130.3451249152422 107.48649198748171 110.66473107319325 501.07300486415625 140.25532241165638 15.301575483754275 216.91608042269945 53.006818110123277
leaf_count=19594 581 289 406 262 2543 1343 1247 161 2455 838 195 571 1287 101 626 430 660 509 1211 1567 873 51 279 380 544 1142 228 76 356 141
internal_value=-2.98519e-11 0.0134967 0.0363066 -0.0120392 -0.0184319 0.0233194 -0.0367941 -0.00916494 -0.0134926 -0.00492931 0.0316898 0.0154694 0.0509778 0.00647139 0.000611654 0.00938532 -0.0137961 -0.0227859 -0.0149444 -0.0506146 0.0413897 0.000580524 0.0260742 0.00162237 -0.0138638 0.0369984 0.0333597 0.0292056 0.030953 0.0135857
internal_weight=7373.29 6268.83 3311.15 2957.68 2399.95 1756.38 804.961 1594.99 1420.54 1003.35 1283.8 557.722 1554.77 429.966 378.78 246.81 676.162 427.125 350.114 502.247 749.983 472.58 174.456 249.037 302.714 1036.99 873.546 733.291 717.989 239.466
internal_count=40946 21352 6676 14676 12975 4110 5901 7074 6634 4179 2716 1701 2566 1439 1338 625 3341 2301 1720 4110 1279 1394 440 1040 1791 2091 1802 1574 1498 767
is_linear=0
shrinkage=0.05


Tree=6
num_leaves=31
num_cat=0
split_feature=15 1 0 1 10 4 10 5 6 0 11 4 1 5 1 6 1 6 1 6 1 1 11 4 12 1 6 12 1 4
split_gain=2557.95 1267.65 217.291 158.164 121.675 98.9745 68.9046 73.1549 65.2524 51.9588 51.5274 53.2223 41.0827 35.9596 35.5304 34.3889 33.9394 33.4092 32.9616 32.6962 31.8842 31.0903 30.7079 28.6262 27.7969 27.2477 26.593 26.0137 24.4021 35.3753
threshold=1.0000000180025095e-35 11.734416087629658 0.12757110921240519 18.694846262842358 0.24264705882352941 3.5000000000000004 0.078461538461538458 21.500000000000004 0.4503521126760564 0.18180905736227324 0.4642857142857143 2.5000000000000004 13.882520744606165 45.500000000000007 8.8135322854006688 0.39357170517619727 7.2935498423104592 0.43159536541889487 8.8135322854006688 0.31444622792937404 6.1426994390316523 8.419157694515361 0.69047619047619058 6.5000000000000009 1.0000000180025095e-35 9.2448730746074208 0.28996570417081541 1.0000000180025095e-35 33.361004364259195 7.5000000000000009
decision_type=2 2 2 2 2 2 2 2 2 2 2 2 2 2 2 2 2 2 2 2 2 2 2 2 2 2 2 2 2 2
left_child=-1 2 6 5 8 -3 7 15 10 16 11 14 23 24 -4 -2 -6 -14 -8 -11 -10 22 27 -7 25 26 -13 -9 29 -5
right_child=1 3 4 28 9 12 18 21 20 19 -12 13 17 -15 -16 -17 -18 -19 -20 -21 -22 -23 -24 -25 -26 -27 -28 -29 -30 -31
leaf_value=-0.074060771937544567 -0.046853948364539988 0.043773220582373998 -0.00027095456269251092 0.054141781044977237 -0.064050616202557545 0.0099359613620781384 -0.056803421127279943 -0.010669690745754232 -0.052461886093099645 -0.02236262441601972 0.029680018694813837 -0.042253047117841593 0.016121774020544443 0.037445106631331167 0.027604591487925847 -0.009294783358695503 -0.024036384134919368 0.037971135664672431 -0.014482743692644101 0.0060109108443825131 0.030634013639434677 0.032506798061377365 0.025521194292798852 -0.050592158130600189 -0.044930443221114093 0.0012448788706226218 -0.010277288933265474 -0.059118776382119154 0.081365461992876253 0.0056429891085089581
leaf_weight=997.57939548895229 230.77318124752492 688.19890356808901 274.42214993573725 813.43947324901819 79.430261929519475 379.70166550111026 244.36728396406397 185.1019879905507 12.007373310625551 200.01825691619888 148.42024765536189 94.781967899762094 354.51079909596592 37.005611266940832 195.92722298018634 82.812950984574854 159.21243445761502 345.43044317513704 56.680755024775863 206.21101782750338 299.13166873902082 51.822905529290438 50.025884099304676 20.593379002064466 62.489399361424148 284.71071419212967 207.09481629868969 32.582800113596022 76.57445153594017 39.421289339661598
leaf_count=19594 1697 1290 1136 1419 877 1019 2393 883 47 1313 342 679 806 110 430 365 908 639 284 875 743 166 106 97 469 934 945 179 126 75
internal_value=-4.72704e-11 0.012495 -0.00885744 0.0375961 -0.000475795 0.0289008 -0.0291426 -0.0197787 0.00685162 -0.0188376 0.00194542 -0.00161413 0.0195981 -0.0104955 0.0113408 -0.0369352 -0.0373548 0.0269047 -0.0488354 -0.00795959 0.0274272 -0.00294154 -0.00980355 0.00682206 -0.0132287 -0.00985151 -0.0203169 -0.0179215 0.0543277 0.0519
internal_weight=6910.48 5912.9 3195.03 2717.87 2260.86 1788.44 934.168 633.12 1615.99 644.872 1304.85 1156.43 1100.24 686.083 470.349 313.586 238.643 699.941 301.048 406.229 311.139 319.534 267.711 400.295 649.077 586.587 301.877 217.685 929.435 852.861
internal_count=40946 21352 15881 5471 9808 3851 6073 3396 5835 3973 5045 4703 2561 3137 1566 2062 1785 1445 2677 2188 790 1334 1168 1116 3027 2558 1624 1062 1620 1494
is_linear=0
shrinkage=0.05


Tree=7
num_leaves=31
num_cat=0
split_feature=15 1 0 1 10 4 6 10 5 11 4 4 5 6 11 6 6 11 1 1 6 12 6 6 0 1 0 6 12 6
split_gain=2177.37 1088.2 182.113 145.076 103.221 74.9929 69.7967 58.6137 71.3131 52.0587 47.7615 44.2793 39.1437 37.2463 41.8109 40.2279 33.2262 31.8074 30.2279 29.1375 27.6886 27.6209 25.5399 25.5101 24.9482 24.4868 23.4214 22.5129 22.2007 21.9456
threshold=1.0000000180025095e-35 11.734416087629658 0.12757110921240519 20.012299511349237 0.51086956521739146 3.5000000000000004 0.454995499549955 0.025913621262458403 53.500000000000007 0.69047619047619058 2.5000000000000004 4.5000000000000009 15.500000000000002 0.49295215405995635 0.69047619047619058 0.31180745859644948 0.24509048902579897 0.69047619047619058 9.3815356551859654 9.3815356551859654 0.50862325304787404 1.0000000180025095e-35 0.049691358024691358 0.38138528138528138 0.25283622059474675 8.4430591986307704 0.10159919194907673 0.44092721834496512 1.0000000180025095e-35 0.48514268902618424
decision_type=2 2 2 2 2 2 2 2 2 2 2 2 2 2 2 2 2 2 2 2 2 2 2 2 2 2 2 2 2 2
left_child=-1 2 7 5 6 27 9 8 12 10 16 -8 20 14 15 -7 19 23 22 -4 -2 -17 -12 -9 -6 -14 -22 -3 -20 -5
right_child=1 3 4 29 24 13 11 17 -10 -11 18 -13 25 -15 -16 21 -18 -19 28 -21 26 -23 -24 -25 -26 -27 -28 -29 -30 -31
leaf_value=-0.071905044714580799 -0.052091850739666018 0.034096832713437095 -0.022191185775890847 0.044968796180451548 -0.04290057680461648 -0.016559964436394632 0.032065151304802815 -0.059486194639476186 0.038398519861063025 0.022883541427405774 0.087132871667194661 -0.017214489589663595 -0.021518271189372242 0.034780816205142166 0.034229382148861981 0.019619650993814762 0.015674546513435379 -0.0061323903501306273 0.0024471243281559037 0.026569545610105296 -0.05200284169885553 -0.014906111380651066 -0.022006026972881614 -0.013280754006311159 -0.0090430498834236598 0.010538989412436334 0.064992563726297178 0.052402954700802452 -0.035295378802739662 0.06294144967614379
leaf_weight=906.05549994553439 142.09851804981008 427.59303506463766 133.16490490827709 298.14691596850753 160.96987491147593 127.94687328860164 277.4727137349546 213.05355986440554 50.022258220240474 195.78270902484655 5.4244635403156272 54.543691290542483 306.41399974143133 331.22600434999913 210.01303599216044 424.83319011796266 361.44750739540905 42.378241455182433 346.52484609838575 39.792479798197746 7.509082883596423 67.07440750580281 454.10229602083564 34.743419869802892 82.188941119238734 73.94389278255403 9.9407586306333524 276.58799354732037 43.898113645613194 394.70404683053493
leaf_count=19594 1076 882 867 555 1275 472 712 2300 131 522 9 197 1763 669 390 990 1153 221 1220 97 29 274 2994 222 464 306 25 507 298 732
internal_value=6.19637e-12 0.0116474 -0.00859835 0.0356705 -0.000772286 0.0284135 0.00312968 -0.0277638 -0.0187142 -0.00124916 -0.00466213 0.0239695 -0.0240056 0.0206059 0.0149483 0.00841563 0.00705028 -0.0461619 -0.0120263 -0.0109728 -0.0447926 0.0149119 -0.0207177 -0.0530078 -0.0314566 -0.0152861 0.0146467 0.0412871 -0.00179654 0.0552075
internal_weight=6499.6 5593.54 3035.42 2558.13 2155.31 1865.27 1912.15 880.104 589.929 1580.14 1384.35 332.016 539.906 1161.09 829.868 619.854 534.405 290.175 849.95 172.957 159.548 491.908 459.527 247.797 243.159 380.358 17.4498 704.181 390.423 692.851
internal_count=40946 21352 15881 5471 9808 4184 8069 6073 3330 7160 6638 909 3199 2795 2126 1736 2117 2743 4521 964 1130 1264 3003 2522 1739 2069 54 1389 1518 1287
is_linear=0
shrinkage=0.05


Tree=8
num_leaves=31
num_cat=0
split_feature=15 1 1 1 4 11 10 4 4 0 6 6 6 11 14 6 2 6 5 10 6 11 2 0 6 6 2 14 6 1
split_gain=1882.33 956.752 206.232 98.7958 82.7159 80.3187 91.7751 62.0443 59.6728 52.6247 39.9339 36.7971 34.1891 35.3835 36.1005 29.9012 27.8444 26.4402 26.0808 25.8163 25.7406 24.6447 26.7451 23.6 23.0096 22.6897 21.229 20.9993 20.4011 19.7298
threshold=1.0000000180025095e-35 12.728542461174946 8.7834833222118771 21.679251708591355 3.5000000000000004 0.69047619047619058 0.012628845699897702 3.5000000000000004 2.5000000000000004 0.15216940571415624 0.40161290322580651 0.39105447276361821 0.49295215405995635 0.69047619047619058 1.0000000180025095e-35 0.28474903474903474 0.075961538461538455 0.3203053435114504 36.500000000000007 0.65476190476190488 0.37546992481203006 0.69047619047619058 0.11010101010101007 0.33544272037224521 0.53747392071898581 0.33460559796437661 0.14495798319327727 1.0000000180025095e-35 0.42572892040977151 16.080740768174035
decision_type=2 2 2 2 2 2 2 2 2 2 2 2 2 2 2 2 2 2 2 2 2 2 2 2 2 2 2 2 2 2
left_child=-1 2 5 7 11 6 8 25 16 24 18 19 13 14 15 29 -2 -11 -10 21 -6 22 -4 -24 -8 -3 -14 -7 -18 -9
right_child=1 3 4 -5 20 27 9 12 10 17 -12 -13 26 -15 -16 -17 28 -19 -20 -21 -22 -23 23 -25 -26 -27 -28 -29 -30 -31
leaf_value=-0.070070265028087886 0.0095969909072803339 0.029086570508453802 0.015095289363667733 0.056826020651846644 -0.014006967929211812 -0.0012437636425051799 -0.05783998959747684 -0.043352110453891694 -0.035224493530509854 -0.03783714270827869 -0.001810510390628314 0.032017604903232973 0.0481800011837 0.037248445743511299 -0.045738909314076689 0.018932708892443126 -0.034227345357499626 -0.0035980307467468812 0.0025945075737752702 -0.026667197494677636 0.005261464204958234 0.049321196925089725 -0.031744103220145078 0.042826677148286751 0.023651610170336141 0.050975975492382836 0.022837216376167868 0.032274978748112727 0.031865850136232575 0.012053219698376248
leaf_weight=828.95415352238342 288.04047332145274 168.25610201060772 375.50239165779203 489.30114736407995 396.52372958883643 123.3034994173795 257.13843816937879 34.414223566651344 396.39496211195365 124.62817142158747 160.5418153014034 291.75289618223906 189.08125257305801 175.22101928666234 26.318553993478417 444.53363368473947 69.717153632082045 102.97075222432613 51.510903146117926 44.181298159062862 307.92612676043063 43.156466111540794 58.638536334037781 12.953798830509184 8.9640638306736928 399.4219105578959 146.78379102796316 75.240149646997452 14.024261593818663 30.140334269031882
leaf_count=19594 1150 358 1141 960 1884 548 3037 154 3096 1317 725 711 366 324 140 1067 357 641 208 201 1157 101 188 40 27 805 332 187 46 84
internal_value=-7.33381e-11 0.0109458 -0.00625876 0.0371446 0.00700315 -0.018396 -0.0224175 0.0311785 -0.013563 -0.0399977 -0.0232063 0.017736 0.0239587 0.0177456 0.011363 0.014315 0.002219 -0.0223466 -0.0308752 0.00993951 -0.00558443 0.0132385 0.00975556 -0.0182514 -0.0550948 0.0444881 0.0371044 0.0114585 -0.0231586 -0.0174835
internal_weight=6135.54 5306.58 3203.11 2103.47 1530.64 1672.47 1473.93 1614.17 980.23 493.701 608.448 826.185 1046.49 710.628 535.407 509.088 371.782 227.599 447.906 534.432 704.45 490.251 447.095 71.5923 266.103 567.678 335.865 198.544 83.7414 64.5546
internal_count=40946 21352 16762 4590 5423 11339 10604 3630 5582 5022 4029 2382 2467 1769 1445 1305 1553 1958 3304 1671 3041 1470 1369 228 3064 1163 698 735 403 238
is_linear=0
shrinkage=0.05


Tree=9
num_leaves=31
num_cat=0
split_feature=15 1 1 6 0 4 11 10 4 1 12 6 6 4 5 6 1 6 6 4 3 11 9 5 12 10 1 10 5 10
split_gain=1631.85 846.363 147.34 127.725 89.3708 66.3433 61.9972 59.8042 54.3164 34.9754 33.7627 33.2803 27.8854 26.6437 24.1653 23.456 23.1903 22.862 22.4005 21.8874 26.0685 21.8543 20.967 21.3711 20.629 20.5448 20.0985 18.7388 37.4897 17.9134
threshold=1.0000000180025095e-35 10.966352802816791 18.694846262842358 0.39105447276361821 0.1145873866690716 3.5000000000000004 0.69047619047619058 0.2264957264957265 3.5000000000000004 13.882520744606165 1.0000000180025095e-35 0.11808278867102397 0.54631217838765023 2.5000000000000004 35.500000000000007 0.56635220125786179 6.4538529131539972 0.53036636341283516 0.23390439347886152 2.5000000000000004 2.5000000000000004 0.69047619047619058 6.5000000000000009 53.500000000000007 1.0000000180025095e-35 0.19375000000000003 7.9379626102427014 0.012628845699897702 38.500000000000007 0.65476190476190488
decision_type=2 2 2 2 2 2 2 2 2 2 2 2 2 2 2 2 2 2 2 2 2 2 2 2 2 2 2 2 2 2
left_child=-1 3 5 4 11 19 7 13 12 21 16 -2 -5 -6 26 -11 -9 -10 -16 -3 -21 24 23 -18 -7 -4 -15 28 -13 -23
right_child=1 2 25 8 6 9 -8 10 17 15 -12 27 -14 14 18 -17 22 -19 -20 20 -22 29 -24 -25 -26 -27 -28 -29 -30 -31
leaf_value=-0.068427941554136576 0.00097309837184681109 0.051354032195083277 0.056465206595585606 0.014829389486689291 0.0028172881840908032 0.0040672999291846172 0.017646375211323513 -0.060086641819722376 -0.016556932502922408 0.018915088691094612 -0.073514923392722267 -0.040350479939498252 0.049683269325583687 -0.037002558738305033 -0.054759784139137173 0.046056984925634877 -0.021445790145005753 0.016391873793772924 0.028758033478690437 0.026030407603088137 0.06007072821346901 0.030594422709146425 -0.07121553546478944 0.026698704138138324 -0.029087929327600816 0.039691268850520711 -0.012404409515581308 -0.053564446566833485 0.0068760155269498571 -0.040077140214561137
leaf_weight=757.69670139846858 57.539096504449844 159.8204312287271 436.51139244623482 309.2880162592046 384.91043745167553 299.89590297266841 175.91874221153557 42.453512612730265 201.53960688621737 510.98227137420326 41.785513610579073 235.05317958211526 70.460844337940216 113.49988407408819 9.588694950565694 94.288182269781828 229.79175792774186 71.262777920812368 49.345870884135365 458.22440600022674 64.112263217568398 100.92396518215537 18.883554596453905 25.620024331845343 55.615560598671436 313.75579518824816 309.45387623040006 153.4186849470716 51.170563252642751 9.8409489598125202
leaf_count=19594 373 367 980 1154 1523 1084 579 676 1104 1249 652 1819 164 1038 86 196 1671 218 191 1100 132 217 153 121 318 640 1554 1776 178 39
internal_value=1.09833e-11 0.0102568 0.0309072 -0.0100131 -0.0165724 0.0229741 -0.0101104 -0.0140954 0.00906983 0.0152147 -0.0312706 -0.034785 0.0212964 -0.0069912 -0.0148258 0.0231432 -0.0256978 -0.00794988 0.0151696 0.0351627 0.0302086 0.0049227 -0.0203753 -0.0166165 -0.00111944 0.0494505 -0.0190053 -0.0394649 -0.0319074 0.0243156
internal_weight=5812.65 5054.96 2503.97 2550.98 1898.43 1753.7 1401.25 1225.33 652.551 1071.55 358.534 497.182 379.749 866.799 481.888 605.27 316.749 272.802 58.9346 682.157 522.337 466.276 274.295 255.412 355.511 750.267 422.954 439.642 286.224 110.765
internal_count=40946 21352 6322 15030 12390 4702 8244 7665 2640 3103 3273 4146 1318 4392 2869 1445 2621 1322 277 1599 1232 1658 1945 1792 1402 1620 2592 3773 1997 256
is_linear=0
shrinkage=0.05


Tree=10
num_leaves=31
num_cat=0
split_feature=15 1 1 6 4 11 10 4 1 6 4 4 1 7 6 4 5 1 10 11 5 0 1 5 6 1 10 1 6 11
split_gain=1430.86 741.424 141.907 95.0352 71.1485 69.7787 71.0292 54.8155 44.3116 33.7632 33.7482 33.4465 29.0407 28.9128 28.7223 26.8205 26.2852 25.8658 25.022 23.4842 22.8555 21.6565 20.6569 20.3325 19.6698 18.5917 17.8874 25.7641 17.5897 17.28
threshold=1.0000000180025095e-35 10.552613076059155 15.30654983655962 0.31348925112213566 3.5000000000000004 0.69047619047619058 0.012628845699897702 3.5000000000000004 21.679251708591355 0.58380149812734095 5.5000000000000009 2.5000000000000004 6.3803553682551462 1.0000000180025095e-35 0.53036636341283516 2.5000000000000004 12.500000000000002 9.2087707182062974 0.32843137254901966 0.4642857142857143 17.500000000000004 0.20970600011364052 7.9650190151417055 25.500000000000004 0.44543650793650796 8.4430591986307704 0.27466150870406197 17.15931170800572 0.041026719966337007 0.69047619047619058
decision_type=2 2 2 2 2 2 2 2 2 2 2 2 2 2 2 2 2 2 2 2 2 2 2 2 2 2 2 2 2 2
left_child=-1 3 7 5 9 6 11 24 10 13 -4 16 -8 15 19 -5 -2 23 29 -6 -17 28 -22 -13 -3 -18 27 -12 -14 -9
right_child=1 2 8 4 14 -7 12 18 -10 -11 26 17 21 -15 -16 20 25 -19 -20 -21 22 -23 -24 -25 -26 -27 -28 -29 -30 -31
leaf_value=-0.067028635984522245 -0.044534362925421622 0.021914027016963693 0.03766327377502407 0.017831845809903223 -0.025866141048019278 0.0064124293362038225 -0.067439530570504974 0.0087472872168161443 0.053051404139618133 0.057677156345208161 -0.012620867753189017 -0.043729191425430879 0.083676941519841397 0.064259862637058726 0.015769209311785427 -0.01607127907816068 -0.0071507206351463098 -0.003249164876293364 -0.0069542366123651229 0.014187125805361567 -0.0094181773545711153 -0.012656009778134992 0.024067656987294576 -0.013943764784375701 0.042770816005508763 0.021792552823688971 -0.013052410769167702 0.04562432936284691 -0.046598964802703771 0.032574989473281253
leaf_weight=695.8520796552184 35.026868802495301 362.09174689371139 727.2100544385612 252.71873021498322 327.06474706646986 200.40048699826002 96.436371778370813 385.94471812527627 431.97665285877883 35.068552121520042 29.654376715421677 182.22960313688964 2.6297891885042182 21.521814793348312 60.574558451771736 179.62961625074968 184.20044332742691 89.208968221209943 218.72666575945914 41.2073316834867 84.023449738509953 74.996809120289981 101.9218059964478 83.572089269757271 164.35426856949925 79.3996019102633 50.787425355985761 52.775081977248192 175.75007916078903 94.773128114640713
leaf_count=19594 174 1022 1650 879 2339 750 1689 1371 960 84 78 1793 8 45 196 948 921 390 909 157 572 526 388 559 371 214 162 127 1880 190
internal_value=-4.67814e-11 0.00966498 0.0284253 -0.0108084 -0.000211282 -0.0205242 -0.0259038 0.0162385 0.039985 0.00990819 0.033425 -0.0161721 -0.0440878 0.00728995 -0.0161365 0.00530692 -0.00384006 -0.0265454 0.00706579 -0.0213844 -0.00335145 -0.0352001 0.00893635 -0.0343642 0.0284254 0.00156735 0.010289 0.0246704 -0.0446784 0.0134449
internal_weight=5521.73 4825.88 2518.29 2307.58 1103.73 1203.85 1003.45 1225.89 1292.4 674.884 860.427 653.638 349.813 639.815 428.847 618.294 298.627 355.011 699.445 368.272 365.575 253.377 185.945 265.802 526.446 263.6 133.217 82.4295 178.38 480.718
internal_count=40946 21352 6840 14512 5608 8904 8154 3863 2977 2916 2017 4051 4103 2832 2692 2787 1309 2742 2470 2496 1908 2414 960 2352 1393 1135 367 205 1888 1561
is_linear=0
shrinkage=0.05


Tree=11
num_leaves=31
num_cat=0
split_feature=15 1 1 1 6 9 4 0 4 6 13 0 5 6 2 11 11 6 12 12 6 6 1 10 6 4 1 2 10 5
split_gain=1261.35 662.729 135.19 86.9609 57.4699 53.2319 52.57 43.3564 41.7861 27.9349 27.9347 23.3638 22.8932 22.8422 23.8278 21.8662 21.3002 42.4988 23.643 21.1125 19.6672 21.6529 17.346 17.1299 16.7138 16.5905 19.6714 16.4157 15.6443 17.5728
threshold=1.0000000180025095e-35 12.307548333685883 7.9948449011702243 20.012299511349237 0.52679425837320581 1.5000000000000002 3.5000000000000004 0.12094440148025933 3.5000000000000004 0.27320574162679429 1.0000000180025095e-35 0.24067749336522834 16.500000000000004 0.47106647537063612 0.048980407836865213 0.69047619047619058 0.69047619047619058 0.31180745859644948 1.0000000180025095e-35 1.0000000180025095e-35 0.50233644859813087 0.11808278867102397 6.1129481487573427 0.12390350877192981 0.68323556653288064 5.5000000000000009 26.897042150387744 0.13188405797101446 0.10555555555555557 13.500000000000002
decision_type=2 2 2 2 2 2 2 2 2 2 2 2 2 2 2 2 2 2 2 2 2 2 2 2 2 2 2 2 2 2
left_child=-1 2 5 8 6 7 9 12 -3 10 28 -7 -2 14 23 19 17 -10 24 -8 21 -14 -15 -9 -19 -5 -27 -11 29 -4
right_child=1 3 4 25 -6 11 15 13 16 27 -12 -13 20 22 -16 -17 -18 18 -20 -21 -22 -23 -24 -25 -26 26 -28 -29 -30 -31
leaf_value=-0.065788255985232066 -0.047719873257453194 0.036496255903898968 -0.033132601417735268 0.054354425842525311 0.033693421881226503 -0.058594748389845158 -0.011291269291239062 0.018357144855806636 -0.017606737553153739 0.016621872795806215 0.058954351289212087 -0.010663700770744952 0.0082394530616195973 -0.03987415662362704 -0.017120003625983395 0.0073962471224764672 0.033626545859454925 0.021134692704419856 -0.0073800145696794675 -0.038834969030832778 0.041005202843418215 -0.028606088477542847 0.038145455800267125 -0.017685788556206377 0.068359887279307405 0.017872671680462356 0.053692331892999781 -0.017284411599618871 -0.03008239264083748 0.0061868375298018115
leaf_weight=640.06467490701471 105.33672714210115 502.22867523133755 35.691673842258751 379.96367762610316 135.94400398153812 115.16853822767735 418.44344769068994 102.95777948386967 90.067616134881973 522.44751547276974 15.761570204049347 32.626998271793127 46.475202709902078 8.5267167836427671 331.59774471446872 126.41316539235413 182.63015835452825 515.08488135784864 73.569390224292874 83.446168491616845 12.309810031205414 280.71517399605364 43.309156028553843 48.491093347780406 19.442871242761612 80.696668429300189 73.005727482959628 38.315581612288952 68.026927990838885 139.4023520257324
leaf_count=19594 1071 1201 161 942 379 1591 2426 503 384 1825 47 298 298 41 2383 371 398 1283 346 738 41 2348 155 621 42 197 148 148 422 544
internal_value=7.32656e-12 0.0090985 -0.00680949 0.0316024 0.00261035 -0.0200421 -0.000307959 -0.0158225 0.0249867 0.00803334 -0.00555193 -0.0480136 -0.0273564 -0.00623033 -0.00961511 -0.0111895 0.018424 0.0144472 0.0191948 -0.0158708 -0.0210382 -0.0233724 0.0253117 0.00681687 0.0228525 0.0487474 0.0348863 0.0143051 -0.00973388 -0.00182815
internal_weight=5268.16 4628.1 2711.41 1916.69 1583.89 1127.51 1447.95 979.719 1383.02 819.646 258.883 147.796 444.837 534.882 483.047 628.303 880.795 698.165 608.097 501.89 339.5 327.19 51.8359 151.449 534.528 533.666 153.702 560.763 243.121 175.094
internal_count=40946 21352 16411 4941 7061 9350 6682 7461 3654 3147 1174 1889 3758 3703 3507 3535 2453 2055 1671 3164 2687 2646 196 1124 1325 1287 345 1973 1127 705
is_linear=0
shrinkage=0.05


Tree=12
num_leaves=31
num_cat=0
split_feature=15 1 1 1 4 11 6 4 6 4 10 6 11 12 2 10 2 0 6 4 6 6 1 6 1 6 14 0 6 6
split_gain=1116.03 592.547 145.445 59.7788 55.413 53.6155 55.0771 41.7561 38.6414 37.0202 30.2154 24.1057 24.733 25.3851 20.7663 17.9894 21.1278 17.5363 17.1353 16.7526 22.1666 17.4957 16.391 16.3513 16.5392 16.0481 15.8608 15.7091 15.2134 14.9815
threshold=1.0000000180025095e-35 13.34111264423367 8.7834833222118771 20.012299511349237 3.5000000000000004 0.69047619047619058 0.31838294448913923 2.5000000000000004 0.44543650793650796 2.5000000000000004 0.17156862745098037 0.40994748223663885 0.69047619047619058 1.0000000180025095e-35 0.15075757575757578 0.21825396825396823 0.054299754299754262 0.19909354190723963 0.075614636935391624 2.5000000000000004 0.23745594898472897 0.16720430107526876 6.9739166278414695 0.47106647537063612 6.1129481487573427 0.18971809715580168 1.0000000180025095e-35 0.099153427825548812 0.12622095779990516 0.53747392071898581
decision_type=2 2 2 2 2 2 2 2 2 2 2 2 2 2 2 2 2 2 2 2 2 2 2 2 2 2 2 2 2 2
left_child=-1 2 5 10 8 6 9 -8 19 25 14 12 13 -6 29 16 17 -9 -11 -4 21 -21 -20 -18 -25 28 -7 -27 -2 -3
right_child=1 3 4 -5 11 26 7 15 -10 18 -12 -13 -14 -15 -16 -17 23 -19 22 20 -22 -23 -24 24 -26 27 -28 -29 -30 -31
leaf_value=-0.064671673345828129 -0.005951201564101157 0.035568395421572765 0.020395904031097315 0.047540163039814932 -0.011508747134795379 -0.0015497359822848871 0.01462845221528003 0.0010658280584900802 0.037036061897164359 0.023548438840465296 0.016290811878738161 0.0086709285885874805 0.0090089767240802837 -0.048199802715458644 0.02181872313225839 -0.0342410330044245 -0.027136580475244362 0.065891618737450586 -0.052402931006404821 0.017770601729796717 0.0084463488996291535 -0.042440852112948277 -0.031690003989132999 -0.057025198893282794 0.017494838667332577 -0.049101498137129551 0.029902832149845661 -0.0033628929765209233 -0.049131243933122376 0.059671789834975245
leaf_weight=588.88966303493362 31.845419310731813 321.72710743919015 223.56926990300417 500.49573210254312 274.02101687854156 112.38755585905164 146.75960900261998 85.089455125387758 165.05899072438478 10.539322430267928 426.80256185354665 244.4567902572453 116.00606222264469 56.935860658995807 240.16599724441767 105.41480578994378 159.65528212371282 11.890140220522879 174.59051371505484 16.944890255108476 302.1430261367932 41.889540245756507 210.87735695391893 8.9591303393244726 44.078431015834212 20.938638499937952 62.301792677491903 181.47330147400498 56.749837290029973 80.622217431664467
leaf_count=19594 283 853 671 1287 1545 548 619 449 447 105 1177 951 328 525 610 1047 1208 36 2583 92 1130 206 2191 61 187 159 187 1081 595 191
internal_value=-3.07036e-11 0.00858844 -0.00494189 0.0332784 0.00625607 -0.0162773 -0.0199065 -0.0082954 0.0156727 -0.0294021 0.0266032 -0.00395299 -0.0108574 -0.0178209 0.0334534 -0.0164004 -0.0103274 0.00901377 -0.0393517 0.00964028 0.00297885 -0.0250994 -0.0410715 -0.0191462 0.00490688 -0.0158625 0.00966761 -0.00809435 -0.0336102 0.0403982
internal_weight=5023.28 4434.39 2864.58 1569.81 1441.03 1423.55 1248.86 561.847 749.606 687.014 1069.32 691.42 446.963 330.957 642.515 415.087 309.672 96.9796 396.007 584.547 360.977 58.8344 385.468 212.693 53.0376 291.007 174.689 202.412 88.5953 402.349
internal_count=40946 21352 17234 4118 5895 11339 10604 3607 2546 6997 2831 3349 2398 2070 1654 2988 1941 485 4879 2099 1428 298 4774 1456 248 2118 735 1240 878 1044
is_linear=0
shrinkage=0.05


Tree=13
num_leaves=31
num_cat=0
split_feature=15 1 6 1 10 0 5 0 4 4 0 5 6 11 4 11 6 11 1 1 1 4 2 6 0 0 5 6 6 4
split_gain=994.82 537.69 89.1182 81.0371 61.4603 47.8628 39.812 48.4338 36.1724 32.4174 29.6578 23.133 21.8145 21.204 24.3604 20.1085 18.1953 17.4057 19.343 17.1262 16.063 20.4979 16.0533 16.4978 15.9039 16.564 15.3037 14.9198 14.7021 14.468
threshold=1.0000000180025095e-35 11.734416087629658 0.42153549010140029 19.577281073705034 0.11437908496732026 0.18094004748385914 34.500000000000007 0.099153427825548812 3.5000000000000004 2.5000000000000004 0.06883119577015552 25.500000000000004 0.28084674496157752 0.4642857142857143 3.5000000000000004 0.4642857142857143 0.65345368916797497 0.4642857142857143 7.1607277229954285 12.307548333685883 33.361004364259195 7.5000000000000009 0.057417582417582359 0.40994748223663885 0.07492223650515642 0.15890804144759743 31.500000000000004 0.26719160104986878 0.33460559796437661 4.5000000000000009
decision_type=2 2 2 2 2 2 2 2 2 2 2 2 2 2 2 2 2 2 2 2 2 2 2 2 2 2 2 2 2 2
left_child=-1 2 4 8 6 17 7 22 28 -4 -8 29 15 14 27 -10 -14 18 -6 -17 21 -5 -2 -24 -19 -26 -23 -9 -3 -11
right_child=1 3 9 20 5 -7 10 13 12 11 -12 -13 16 -15 -16 19 -18 24 -20 -21 -22 26 23 -25 25 -27 -28 -29 -30 -31
leaf_value=-0.063702549508261541 -0.022717044252112309 0.019912428091121776 0.038119178553175953 0.044834112878051724 -0.05757799480916731 -0.01001732393973372 -0.027310108134300848 -0.013688696183115884 -0.023970472279783689 0.0021643157667911909 0.024286130138612475 0.022312738091802314 0.016875965667403021 0.017737662329379643 -0.022383793650049864 -0.044044333343011888 0.053628893831866101 -0.087650780049702795 -0.031308954550084873 0.031579477848602759 0.073647442471631228 -0.029563142111265945 -0.064413347200476909 0.050751993829297674 0.0033649104304919429 -0.071157058640254595 0.045580902481196818 0.0024698673067904478 0.038286102493707994 -0.028470840453668923
leaf_weight=543.47830077295657 73.268706833943725 160.19885024055839 93.393164563924074 444.72106447070837 126.01902597805019 287.62323931418359 33.946609437465668 220.27874453412369 62.381328287534416 200.48186993319541 155.10742964595556 129.97825112845749 719.06052879337221 86.257278487086296 225.15934706619009 9.0903451889753324 35.330127075314522 6.7840973231941453 157.86019420716912 42.435337953269482 44.470176190137863 16.755206827074293 54.911585455294698 3.2964088730514041 53.481719773262739 8.6645612474530918 11.375868663191794 406.44426713883877 339.83094961196184 47.711449410766363
leaf_count=19594 638 463 285 1205 2327 2069 223 1497 324 896 638 513 2171 294 1753 28 98 65 1538 98 126 40 606 18 265 57 28 1890 890 309
internal_value=9.34564e-11 0.00813402 -0.00771543 0.0280602 -0.0125462 -0.0251561 -0.00613004 -0.00986856 0.0216868 0.0117391 0.0150215 0.00522433 0.0155177 -0.00588546 -0.00827742 -0.00487768 0.0185972 -0.0374978 -0.0429702 0.0182377 0.0449178 0.0422159 -0.0382896 -0.0578914 -0.0149602 -0.00702509 0.000824206 -0.0032095 0.0323996 -0.00372483
internal_weight=4799.8 4256.32 2370.67 1885.65 1899.1 640.433 1258.67 1069.62 1368.33 471.565 189.054 378.172 868.298 938.14 851.882 113.907 754.391 352.81 283.879 51.5257 517.322 472.852 131.477 58.208 68.9304 62.1463 28.1311 626.723 500.03 248.193
internal_count=40946 21352 15881 5471 13878 6321 7557 6696 4072 2003 861 1718 2719 5434 5140 450 2269 4252 3865 126 1399 1273 1262 624 387 322 68 3387 1353 1205
is_linear=0
shrinkage=0.05


Tree=14
num_leaves=31
num_cat=0
split_feature=15 1 1 1 4 1 9 0 6 4 4 10 5 10 6 0 6 5 11 12 6 6 5 0 5 5 10 2 1 1
split_gain=885.882 483.154 90.888 69.0169 39.9838 33.0922 32.4284 29.7347 28.6837 27.6685 25.9019 20.4846 20.3553 23.848 17.2822 17.2673 17.1144 15.3614 14.926 25.8769 18.0159 14.9047 14.8168 23.9985 14.5364 14.0685 13.7855 12.7543 12.417 12.32
threshold=1.0000000180025095e-35 10.966352802816791 15.30654983655962 7.7410908984939555 3.5000000000000004 23.188834840548701 1.5000000000000002 0.12094440148025933 0.4503521126760564 4.5000000000000009 5.5000000000000009 0.25833333333333336 53.500000000000007 1.0000000180025095e-35 0.4503521126760564 0.24067749336522834 0.38820460802782214 21.500000000000004 0.4642857142857143 1.0000000180025095e-35 0.53747392071898581 0.41533937760352863 16.500000000000004 0.14979619677243264 8.5000000000000018 19.500000000000004 0.47722567287784684 0.086335403726708074 5.6340793809004381 6.4833119484871533
decision_type=2 2 2 2 2 2 2 2 2 2 2 2 2 2 2 2 2 2 2 2 2 2 2 2 2 2 2 2 2 2
left_child=-1 3 9 6 8 10 7 12 22 11 21 25 28 -14 -13 -8 17 24 19 20 -6 -4 23 -5 -9 -3 -24 -22 -2 -19
right_child=1 2 5 4 18 -7 15 16 -10 -11 -12 14 13 -15 -16 -17 -18 29 -20 -21 27 -23 26 -25 -26 -27 -28 -29 -30 -31
leaf_value=-0.06279277166495667 -0.04841883543736477 0.015726758643905537 0.025557144690743796 -0.051196942784902832 -0.01491328614937742 0.050869501390586519 -0.054029498716536478 0.073421315398898623 0.029982063971156492 0.00013851746820548369 0.0098125870112991467 -0.0038166846604379559 0.03152694124931682 -0.052462586665174296 0.029050195767000006 -0.010534581374909282 0.012448644178123884 -0.01906088090862294 0.0071003055399038008 -0.047556037452895897 0.062495839602892345 0.040624628214884891 0.012770361533886068 -0.00178258133582082 -0.024128099564793122 0.032970434701435063 -0.013299109098698589 -0.00063128230137648306 -0.025058285453043224 0.0098492973188979427
leaf_weight=500.49390762066469 73.738926631398499 222.14190009795129 284.50768356211483 27.91763239633292 304.39857941912487 258.88712735846639 92.366312868776731 3.9042074875906101 109.51991292461753 261.7331510395743 129.28890526946634 138.7177094463259 28.986534360796213 11.930126575753091 56.200774154625833 30.305169854313135 91.358135842718184 57.868108050897717 82.310699732974172 56.727716960245743 12.962302736937998 387.90331142861396 304.64192375168204 204.95303476694971 174.95238052215427 253.00054701045156 60.837355301715434 20.906604884192348 248.86293019354343 101.46515388274565
leaf_count=19594 904 766 803 219 2110 729 1536 22 355 1139 410 542 105 161 149 291 498 648 292 629 34 1035 1346 842 1455 749 424 70 2408 681
internal_value=2.51468e-11 0.00767778 0.0253176 -0.00905078 -0.00108483 0.0353274 -0.0193606 -0.01566 0.00645641 0.0139243 0.0303085 0.0193092 -0.0261843 0.007038 0.00565981 -0.0432844 -0.00675358 -0.0119408 -0.0122689 -0.0163051 -0.0110643 0.0342493 0.00215035 -0.00770661 -0.0219987 0.0249086 0.00843086 0.0235287 -0.0303979 -0.000650565
internal_weight=4593.79 4093.29 1992.38 2100.91 1185.18 1060.59 915.738 793.067 707.87 931.794 801.7 670.061 363.519 40.9167 194.918 122.671 429.548 338.19 477.306 394.995 338.267 672.411 598.35 232.871 178.857 475.142 365.479 33.8689 322.602 159.333
internal_count=40946 21352 6322 15030 6321 2977 8709 6882 3186 3345 2248 2206 3578 266 691 1827 3304 2806 3135 2843 2214 1838 2831 1061 1477 1515 1770 104 3312 1329
is_linear=0
shrinkage=0.05


Tree=15
num_leaves=31
num_cat=0
split_feature=15 1 1 1 4 6 11 6 6 4 4 11 6 11 1 6 6 5 6 6 12 9 6 11 2 2 14 1 7 10
split_gain=791.287 435.594 95.0576 58.1551 35.9858 34.8065 31.3629 30.0265 29.6525 29.5453 27.9847 22.097 20.3236 18.4105 17.6136 17.481 17.2942 17.2929 16.9518 14.7904 14.7478 14.3651 14.2417 13.4351 13.3852 13.1691 12.7623 12.5461 12.2982 12.2333
threshold=1.0000000180025095e-35 12.728542461174946 7.9948449011702243 20.012299511349237 2.5000000000000004 0.52679425837320581 0.69047619047619058 0.26336189310485519 0.35149985149985158 3.5000000000000004 3.5000000000000004 0.69047619047619058 0.27320574162679429 0.69047619047619058 12.411846568774505 0.61715261360651441 0.43353413654618472 26.500000000000004 0.33460559796437661 0.42330316742081453 1.0000000180025095e-35 3.5000000000000004 0.59491634491634504 0.69047619047619058 0.13188405797101446 0.075961538461538455 1.0000000180025095e-35 10.676578794702003 1.0000000180025095e-35 0.12390350877192981
decision_type=2 2 2 2 2 2 2 2 2 2 2 2 2 2 2 2 2 2 2 2 2 2 2 2 2 2 2 2 2 2
left_child=-1 2 4 9 7 10 8 25 -6 18 11 12 27 20 -7 -10 17 19 21 -11 -12 -3 -5 28 26 -2 -14 -4 -9 -15
right_child=1 3 5 22 6 14 -8 23 15 16 13 -13 24 29 -16 -17 -18 -19 -20 -21 -22 -23 -24 -25 -26 -27 -28 -29 -30 -31
leaf_value=-0.061974417964159451 -0.015471230966223111 0.021927792682800262 -0.016221446835735363 0.037849091474172071 -0.039168837187285727 0.031677038956135835 0.001432536056220941 0.0046535942104580742 -0.018034563330219959 0.0014300510391834691 -0.008910313193340345 0.037648782636822753 0.012878605937449925 0.028600102386770632 -0.047522111688796331 0.052178301220939784 0.024405431400248631 0.019294778755426224 0.040527059406496292 -0.057024557383035981 -0.033236111293878164 -0.053021973822866435 0.057582105136172373 0.081118405526958329 -0.02054580917160187 -0.063754173756532528 -0.042151250369211565 0.013407586066747133 0.087247261619971192 -0.0039401875647991722
leaf_weight=461.24975837994134 156.50752687966451 108.05143986642361 156.34858362330124 291.34944559261203 327.50293085747398 120.76269586849958 94.201778795570135 162.36568017676473 192.43182846065611 169.79605511948466 403.81507203099318 52.092772420495749 450.98118104320019 48.592648953199387 7.4534653127193442 9.2930024191737157 335.84826913569123 189.82368961861357 262.33662398904562 11.558024302124975 73.673990978859365 6.7950724363327017 133.25639075040817 6.336838971823453 34.84150381013751 15.523178374394773 10.787922299467025 46.311379043385386 4.6356858015060416 71.207852611318231
leaf_count=19594 1452 320 919 890 4740 395 488 867 1567 605 2562 170 1746 144 22 36 969 616 737 36 774 20 397 21 155 171 79 182 8 264
internal_value=-1.66303e-11 0.00722868 -0.00580555 0.0283561 -0.0179763 0.00217827 -0.0251488 -0.0050293 -0.0298802 0.0222131 -0.000188472 0.00623319 0.00389286 -0.00826663 0.027073 -0.0148 0.0161845 0.00874603 0.0335136 -0.00229537 -0.0126637 0.0174933 0.044042 0.00965782 0.00933818 -0.019828 0.011593 -0.00945069 0.00694626 0.00925858
internal_weight=4415.73 3954.48 2445.67 1508.82 968.798 1476.87 623.43 345.369 529.228 1084.21 1348.65 751.363 699.271 597.29 128.216 201.725 707.026 371.178 377.183 181.354 477.489 114.847 424.606 173.338 496.611 172.031 461.769 202.66 167.001 119.801
internal_count=40946 21352 16762 4590 9350 7412 6831 2519 6343 3303 6995 3251 3081 3744 417 1603 2226 1257 1077 641 3336 340 1287 896 1980 1623 1825 1101 875 408
is_linear=0
shrinkage=0.05


Tree=16
num_leaves=31
num_cat=0
split_feature=15 1 1 6 10 4 0 5 0 6 4 7 0 4 15 11 6 6 6 2 5 11 2 6 1 6 12 1 6 2
split_gain=711.461 402.497 78.7665 61.4531 46.1339 30.6036 28.9067 28.612 32.1013 27.5908 22.8025 20.8054 20.6031 18.6603 18.2245 18.0245 20.5972 17.5301 16.8314 15.8843 15.2051 14.6741 14.2233 14.202 13.955 13.5028 13.4384 13.2073 13.1481 14.4552
threshold=1.0000000180025095e-35 10.966352802816791 19.105652413379179 0.42153549010140029 0.10555555555555557 2.5000000000000004 0.18180905736227324 30.500000000000004 0.099153427825548812 0.5147186147186148 2.5000000000000004 1.0000000180025095e-35 0.089212122218876366 3.5000000000000004 1.5000000000000002 0.69047619047619058 0.31348925112213566 0.6466063348416291 0.029631255487269501 0.075961538461538455 15.500000000000002 0.69047619047619058 0.14854215918045702 0.59491634491634504 7.1607277229954285 0.6689976689976691 1.0000000180025095e-35 13.34111264423367 0.16720430107526876 0.070802005012531311
decision_type=2 2 2 2 2 2 2 2 2 2 2 2 2 2 2 2 2 2 2 2 2 2 2 2 2 2 2 2 2 2
left_child=-1 3 5 4 7 -3 18 8 -2 11 -5 15 -9 -10 28 16 19 20 -6 -7 -12 24 -11 -4 -20 -24 27 -18 29 -15
right_child=1 2 23 10 6 9 -8 12 13 22 17 -13 -14 14 -16 -17 26 -19 21 -21 -22 -23 25 -25 -26 -27 -28 -29 -30 -31
leaf_value=-0.061263549210294213 -0.037867161099212357 0.042874354521076366 0.035763018325522797 0.033535610027763084 0.070007326338437037 -0.044462922521713348 -0.011792188515759444 -0.015907889315040478 -0.0028379463305996198 0.039044733828185123 -0.016336814112940783 0.04013238698616868 0.019175979964993435 0.040189972181611418 0.072665166026820813 0.02305855389071361 0.0031619066184377948 0.042413226016145063 -0.054791936674337571 -0.00252747517364066 0.0082312089903881554 -0.012844037336224932 0.0062844173066387331 0.054920859660957139 -0.030816542543516574 0.059791167373574761 -0.011595473142459416 0.019676011661848406 -0.027495283117821075 -0.039293729263681909
leaf_weight=426.30670353880851 99.201232974417508 109.84132609143853 341.40008619055152 77.55302606523037 3.748315028846263 26.967020587995648 231.41858650231734 57.797423134557903 554.32279862323776 161.18560585565865 98.405985537916422 60.095403326675296 151.62662716396153 15.787414257414641 5.1309004351496688 200.99038706999272 197.06065739318728 25.917006641626358 111.93984177755192 138.83917998708785 174.93129062559456 53.322528021410108 77.876540031284094 134.98791169375181 132.57285301410593 13.894610766321419 60.594476175960153 313.97279992699623 178.17974875122309 8.9703467451035959
leaf_count=19594 1154 371 1078 271 20 162 1882 401 3254 467 609 187 702 93 23 557 834 74 2367 684 828 336 239 434 1479 41 352 916 1502 35
internal_value=-9.54395e-12 0.00683956 0.023693 -0.00879616 -0.0130646 0.0175694 -0.0250848 -0.00708271 -0.0111118 0.0153484 0.0093742 0.0116118 0.00949344 -0.00763045 -0.0203983 0.00978534 0.00616767 0.00311267 -0.0352848 -0.00934793 -0.00061369 -0.0366099 0.0300986 0.0411915 -0.0417927 0.0143856 0.0106681 0.013308 -0.0227513 0.0113911
internal_weight=4244.84 3818.53 1837.71 1980.83 1604.02 1361.32 533.002 1071.02 861.592 1251.48 376.807 998.52 209.424 762.391 208.068 938.425 737.434 299.254 301.584 165.806 273.337 297.835 252.957 476.388 244.513 91.7712 571.628 511.033 202.938 24.7578
internal_count=40946 21352 6322 15030 13248 4810 6084 7164 6061 4439 1782 3692 1103 4907 1653 3505 2948 1511 4202 846 1437 4182 747 1512 3846 280 2102 1750 1630 128
is_linear=0
shrinkage=0.05


Tree=17
num_leaves=31
num_cat=0
split_feature=15 1 1 1 11 10 4 1 6 10 4 0 6 5 10 0 6 6 6 6 6 4 11 12 6 6 2 5 6 2
split_gain=640.642 370.11 72.6892 56.1015 36.1981 35.9375 33.6895 31.5219 27.0808 23.6638 21.0945 18.8335 18.3954 17.8458 17.142 21.8011 16.6117 16.5893 16.381 15.7296 16.0668 15.6287 15.259 17.3899 14.4299 13.6068 13.4613 13.4013 12.8865 12.6568
threshold=1.0000000180025095e-35 12.307548333685883 8.7834833222118771 21.679251708591355 0.69047619047619058 0.012628845699897702 3.5000000000000004 6.1129481487573427 0.52679425837320581 0.2264957264957265 2.5000000000000004 0.22396224102685811 0.33824485373781155 36.500000000000007 0.13484848484848483 0.20690957873816687 0.28996570417081541 0.041026719966337007 0.43353413654618472 0.34178433889602056 0.29289318755256516 2.5000000000000004 0.4642857142857143 1.0000000180025095e-35 0.28084674496157752 0.26719160104986878 0.054299754299754262 13.500000000000002 0.31622807017543858 0.025978407557354904
decision_type=2 2 2 2 2 2 2 2 2 2 2 2 2 2 2 2 2 2 2 2 2 2 2 2 2 2 2 2 2 2
left_child=-1 2 4 6 5 10 -3 -7 9 13 25 17 -11 21 -15 -16 -12 -9 22 20 -5 -4 23 24 -8 29 -18 -27 -19 -2
right_child=1 3 8 19 -6 7 18 11 -10 12 16 -13 -14 14 15 -17 26 28 -20 -21 -22 -23 -24 -25 -26 27 -28 -29 -30 -31
leaf_value=-0.060611664071536099 0.044905125851000954 0.032958813049263194 0.016504870656381853 0.04942425734908059 0.00830884001489645 -0.060750526121836762 -0.018587642390959863 0.080480423027336323 0.029515636790855282 -0.023366699077148875 -0.032431856555755978 -0.0023782928823313548 0.0031860623468217501 0.046446275987786612 -0.038935177016022858 0.051564256605490605 0.004886157677398654 -0.045619130546828882 0.022552001494765495 0.049358406835686174 -0.026586836790484798 -0.0020109842324782684 0.023020717742924593 -0.031073365724984783 0.012203396194694184 -0.018074328534278122 -0.018708930967907482 0.016978331477624276 -0.019131992471163609 -0.017438341096821516
leaf_weight=393.83804928755853 8.7433078587055189 396.00670183077455 155.83641067706048 13.352783292531969 149.01467473804951 72.266205435618758 46.853924740105867 3.2269926518201819 90.620231363922358 148.97953088255599 144.5888219550252 75.495066955685616 116.02770021092147 48.899133328348398 16.64939363766462 11.085439741611479 86.1449285808485 103.47886847238988 377.53721969015896 263.46329136844724 14.502993725240229 424.17037974111736 120.07292568124831 35.310187393333763 202.49833791144192 35.365624543279409 202.64680508011952 119.08212968707085 82.555852133315057 118.19168458366767
leaf_count=19594 25 1287 519 55 735 1796 224 10 323 1040 1807 582 634 188 90 36 504 1780 1194 871 34 2242 330 246 700 206 1718 484 854 838
internal_value=3.48853e-11 0.00648203 -0.0064348 0.0259335 -0.0147547 -0.0180223 0.0210759 -0.0314819 0.0034347 0.00087031 -0.0116759 -0.0234929 -0.0117411 0.00596004 0.0286368 -0.00276312 -0.0185972 -0.0319154 0.0150605 0.0455806 0.0098494 0.00296386 0.00807249 0.00176721 0.00641768 -0.00101585 -0.0116707 0.00895193 -0.033865 -0.0131441
internal_weight=4076.51 3682.67 2213.07 1469.6 1200.8 1051.79 1178.28 337.023 1012.27 921.648 714.763 264.757 265.007 656.641 76.634 27.7348 433.381 189.262 782.273 291.319 27.8558 580.007 404.735 284.662 249.352 281.383 288.792 154.448 186.035 126.935
internal_count=40946 21352 16411 4941 11339 10604 3981 5022 5072 4749 5582 3226 1674 3075 314 126 4029 2644 2694 960 89 2761 1500 1170 924 1553 2222 690 2634 863
is_linear=0
shrinkage=0.05


Tree=18
num_leaves=31
num_cat=0
split_feature=15 1 1 6 0 4 10 6 10 4 5 10 0 1 11 12 1 10 6 10 1 7 4 5 5 5 10 5 2 4
split_gain=577.56 337.188 76.5062 51.6567 32.4555 29.1121 28.8411 25.3961 21.9417 18.8185 17.6724 26.2581 16.7029 15.2325 14.3879 20.2437 13.9555 13.487 13.265 12.7012 12.0309 12.2742 11.9804 13.9666 11.9569 11.7415 14.9295 12.3575 11.6593 11.6352
threshold=1.0000000180025095e-35 10.804436691541051 18.694846262842358 0.42153549010140029 0.12094440148025933 4.5000000000000009 0.51086956521739146 0.56635220125786179 0.25833333333333336 2.5000000000000004 16.500000000000004 0.078461538461538458 0.41752746743977515 8.9676771577911882 0.69047619047619058 1.0000000180025095e-35 10.506785518077875 0.70714285714285718 0.26719160104986878 0.19375000000000003 18.022856228068932 1.0000000180025095e-35 3.5000000000000004 29.500000000000004 34.500000000000007 15.500000000000002 0.42261904761904762 30.500000000000004 0.059411764705882351 2.5000000000000004
decision_type=2 2 2 2 2 2 2 2 2 2 2 2 2 2 2 2 2 2 2 2 2 2 2 2 2 2 2 2 2 2
left_child=-1 3 5 4 10 7 14 8 24 -5 -2 -12 17 -11 15 18 -16 -8 -6 -4 21 -7 28 -24 29 -15 -27 -28 -20 -3
right_child=1 2 19 9 6 20 12 -9 -10 13 11 -13 -14 25 16 -17 -18 -19 22 -21 -22 -23 23 -25 -26 26 27 -29 -30 -31
leaf_value=-0.060008602280603368 -0.045118553793137714 0.038256405547846394 0.046860638115243006 0.031230608777847731 -0.014036560085456999 -0.00076561037416038313 -0.069832759684415616 0.043592034731917105 0.0045347711101906942 -0.0078797199875347886 -0.0090303972345999843 -0.038741110519864397 0.037547727831895278 -0.0075442264109844854 0.015329584684297274 -0.032781181340634534 -0.06519784172567189 -0.027246350310256059 0.01445457110993198 0.030155087035575807 0.037132163742770015 0.036141589636607706 -0.025090829032115985 0.015863666992421799 0.041119537973829813 0.036541509513323016 0.018315794115760377 -0.070179609302610399 -0.0033853906940680676 0.016579108339660809
leaf_weight=363.83104729565093 85.207277144654654 73.193597935140133 254.97571447212249 72.244130440056324 272.24670181563124 333.46389829181135 23.115067824721336 105.71054424718022 230.74647872336209 154.06198024516925 210.25649749860168 115.06382108596154 8.3611091859638673 37.34377359598875 108.37066761963069 72.864052515244111 5.6612327098846427 94.99886613804847 155.81806878745556 205.46542137116194 25.720843527466059 24.159559796564281 82.504226323915645 27.842590635642409 77.386687118560076 67.70247638784349 10.041789893060924 6.4972376450896254 222.16936324769631 401.2420747205615
leaf_count=19594 1181 272 980 268 2270 1543 349 306 911 952 1726 2044 68 194 437 997 21 1122 846 640 80 68 708 201 265 262 37 33 1136 1435
internal_value=-2.44713e-12 0.00612523 0.0219426 -0.00882631 -0.0128904 0.0156193 -0.00831944 0.0205892 0.017482 0.0085154 -0.0248481 -0.0195389 -0.0307462 0.00256199 -0.00532579 -0.00760487 0.0113317 -0.0355806 -0.00519296 0.039406 0.00410318 0.00172769 -0.000262649 -0.0147572 0.0228959 0.0157928 0.026138 -0.016449 0.00396879 0.0199234
internal_weight=3928.27 3564.44 1732.06 1832.37 1484.48 1271.62 1073.95 888.279 782.569 347.891 410.528 325.32 126.475 275.647 947.477 833.445 114.032 118.114 760.581 460.441 383.344 357.623 488.334 110.347 551.822 121.585 84.2415 16.539 377.987 474.436
internal_count=40946 21352 6500 14852 13106 4880 8155 3189 2883 1746 4951 3770 1539 1478 6616 6158 458 1471 5161 1620 1691 1611 2891 909 1972 526 332 70 1982 1707
is_linear=0
shrinkage=0.05


Tree=19
num_leaves=31
num_cat=0
split_feature=15 1 1 6 1 10 11 10 4 11 4 5 4 1 6 4 7 15 10 1 6 0 2 1 1 6 1 0 0 4
split_gain=522.959 313.284 74.9849 44.204 27.126 26.9814 26.9672 32.6099 24.2228 22.4407 20.5406 19.1539 19.0791 18.8396 18.6904 15.0429 14.3344 12.1109 11.8883 11.8025 14.5813 13.4136 18.5777 13.7171 12.5101 12.2881 16.3355 12.2089 11.6972 11.2881
threshold=1.0000000180025095e-35 10.403489174467822 15.30654983655962 0.31348925112213566 21.679251708591355 0.36931818181818182 0.69047619047619058 0.012628845699897702 3.5000000000000004 0.4642857142857143 4.5000000000000009 34.500000000000007 2.5000000000000004 6.5905968471968865 0.54631217838765023 3.5000000000000004 1.0000000180025095e-35 1.5000000000000002 0.53256302521008414 7.3082928267549967 0.30449179383818031 0.18502381893838846 0.064866760168302909 9.5832945282336937 9.0118920792912593 0.24509048902579897 6.1426994390316523 0.13982939269257774 0.21959569918499383 2.5000000000000004
decision_type=2 2 2 2 2 2 2 2 2 2 2 2 2 2 2 2 2 2 2 2 2 2 2 2 2 2 2 2 2 2
left_child=-1 3 5 6 15 10 7 11 9 14 29 12 19 -9 16 -4 -5 -7 -10 25 21 22 -21 24 -23 27 -27 -2 -15 -3
right_child=1 2 4 8 -6 17 -8 13 18 -11 -12 -13 -14 28 -16 -17 -18 -19 -20 20 -22 23 -24 -25 -26 26 -28 -29 -30 -31
leaf_value=-0.059472512328182917 -0.014933173505106066 0.037837084019045487 0.037543305347241013 -0.00089020266457993675 0.044571145199613263 -0.0079801872137390505 0.0019251016582181397 -0.058160006380079114 -0.0091725721997563455 0.060169036251777178 0.0012969227784941334 0.0095129247724592657 -0.028484920292840783 -0.036419109890609563 0.037123620043589947 0.020038120456778927 0.056209215289478358 0.050857626166130779 -0.042591554939855517 0.053369510326525593 -0.069248945433488932 -0.0065979108179073506 -0.013699670938031983 0.026138396106686175 -0.065240082191419413 0.050237570514279954 -0.023495061437631481 -0.069496278892046875 -0.0078168188025514035 0.017202894007801096
leaf_weight=336.8771868844633 21.545484816655517 77.613079186528921 173.83903913199902 434.67730738036335 259.70790188573301 197.24903467204422 147.83933763299137 71.451305971713737 276.18012036453001 18.070243909955025 196.51117276679724 73.050441021099687 216.77156475454103 114.0811238582246 37.908980801701546 417.4003928899765 11.276591885834931 9.1516472287476045 29.449455365538597 27.869882931932807 6.6290565654635421 34.899010200519115 16.400909628719091 21.71530207246542 12.299821369349955 10.891749437898396 24.207945067435503 19.559339320287108 52.056291006039828 453.9236739706248
leaf_count=19594 194 304 616 2610 960 1016 735 1954 2188 66 986 399 2461 1694 144 1401 38 34 401 95 26 185 86 63 49 75 137 244 402 1789
internal_value=2.02956e-11 0.00578338 0.0203639 -0.00972261 0.0311017 0.0105856 -0.0175337 -0.0215102 -0.00129537 0.00546185 0.0151093 -0.0140867 -0.018263 -0.0366905 0.00341877 0.0251851 0.000553639 -0.00537136 -0.0123927 -0.00695891 0.00282572 0.00704702 0.0285225 -0.00674896 -0.0218798 -0.022343 -0.000615166 -0.0408965 -0.0274571 0.0202158
internal_weight=3801.1 3464.23 1785.4 1678.83 850.947 934.449 871.269 723.429 807.563 501.933 728.048 485.841 412.79 237.589 483.863 591.239 445.954 206.401 305.63 196.019 119.814 113.185 44.2708 68.9141 47.1988 76.2045 35.0997 41.1048 166.137 531.537
internal_count=40946 21352 7106 14246 2977 4129 8799 8064 5447 2858 3079 4014 3615 4050 2792 2017 2648 1050 2589 1154 504 478 181 297 234 650 212 438 2096 2093
is_linear=0
shrinkage=0.05


Tree=20
num_leaves=31
num_cat=0
split_feature=15 1 1 1 6 11 4 10 7 11 12 6 9 4 12 10 0 5 5 6 14 10 0 4 5 2 1 0 5 6
split_gain=474.849 287.071 68.3519 38.2533 31.3006 25.3385 24.5928 22.9402 21.518 20.0291 22.6533 19.3649 19.0099 18.3239 17.8539 12.6997 21.4025 14.5856 12.6334 12.5771 14.2797 11.4457 10.9458 10.7688 12.0499 10.7069 16.3 10.6428 12.3827 9.70314
threshold=1.0000000180025095e-35 13.34111264423367 7.5272811949639458 21.679251708591355 0.44543650793650796 0.69047619047619058 2.5000000000000004 0.17156862745098037 1.0000000180025095e-35 0.69047619047619058 1.0000000180025095e-35 0.38138528138528138 5.5000000000000009 3.5000000000000004 1.0000000180025095e-35 0.012628845699897702 0.20294674427999679 46.500000000000007 14.500000000000002 0.33824485373781155 1.0000000180025095e-35 0.20344827586206898 0.078639349028371566 3.5000000000000004 24.500000000000004 0.11010101010101007 9.3815356551859654 0.18287627745376087 13.500000000000002 0.36867654573326519
decision_type=2 2 2 2 2 2 2 2 2 2 2 2 2 2 2 2 2 2 2 2 2 2 2 2 2 2 2 2 2 2
left_child=-1 2 9 7 5 6 -4 23 14 10 11 15 13 -6 18 17 -17 22 25 20 -7 -20 -2 -3 -25 26 -8 28 -11 -9
right_child=1 3 4 -5 12 19 8 29 -10 27 -12 -13 -14 -15 -16 16 -18 -19 21 -21 -22 -23 -24 24 -26 -27 -28 -29 -30 -31
leaf_value=-0.058974878659120072 -0.050099648904160035 0.037757125549412268 0.0077113620304871721 0.043304479744740589 0.029029641710352647 -0.0082131876326125893 -0.031779539139585762 0.00039424995861411528 0.025445232910933521 -0.08237788190912082 -0.049335480808761635 -0.00089598170457491568 -0.080700964512310736 0.0045821663645982322 -0.033704360469188309 -0.048438872919930681 -0.0068098532244154665 0.022858078778947924 0.00056628299494726204 0.037303621100870828 0.027498812877140174 -0.014849182628889035 -0.01647681309264231 0.015408945753267737 0.035453145295431338 -0.044112824513332337 0.0057367567987293543 0.038563414548083569 -0.00011017828869468442 0.017449531143149646
leaf_weight=312.28441962396028 27.323601516894996 182.27485196851194 265.21195718646049 249.07907511945814 152.17561661731452 66.696043025702238 60.862615080317482 125.81902367994189 40.867942042648792 4.8447388224303713 64.797450055368245 125.91526130074635 5.0909729395061722 154.42451302055269 82.834651593933813 98.003744499059394 45.076387635897845 21.305357348173857 316.73086670041084 47.753994075581431 48.236000479198992 194.2650673474418 212.13719430146739 209.46053965669125 116.78606570139527 39.349170573987067 55.222202338278294 16.996089093387127 81.848685145378113 247.31916457042098
leaf_count=19594 337 691 1165 960 588 306 593 517 177 50 1277 914 28 756 1022 2309 538 103 2011 161 179 1562 2097 775 378 274 260 72 455 797
internal_value=6.47119e-11 0.00548334 -0.00493036 0.0260021 0.000986479 -0.00263156 -0.00546301 0.021114 -0.00988506 -0.0178929 -0.0214294 -0.0180161 0.0151251 0.0167162 -0.0118121 -0.0233539 -0.0353239 -0.0167861 -0.00909099 0.0157361 0.00677484 -0.00529421 -0.0203133 0.0280228 0.0225841 -0.0215731 -0.0139328 0.0023851 -0.00470759 0.0116986
internal_weight=3670.99 3358.71 2227.97 1130.74 1529.72 1218.03 1055.34 881.66 790.133 698.249 594.559 529.762 311.691 306.6 749.265 403.846 143.08 260.766 666.43 162.686 114.932 510.996 239.461 508.521 326.247 155.434 116.085 103.69 86.6934 373.138
internal_count=40946 21352 17234 4118 9082 7710 7064 3158 5899 8152 7575 6298 1372 1344 5722 5384 2847 2537 4700 646 485 3573 2434 1844 1153 1127 853 577 505 1314
is_linear=0
shrinkage=0.05


end of trees

feature_importances:
Column_6=140
Column_1=113
Column_4=84
Column_11=56
Column_10=51
Column_5=49
Column_0=45
Column_12=24
Column_2=23
Column_15=23
Column_7=7
Column_9=6
Column_14=6
Column_3=1
Column_8=1
Column_13=1

parameters:
[boosting: gbdt]
[objective: lambdarank]
[metric: ndcg]
[tree_learner: serial]
[device_type: cpu]
[data_sample_strategy: bagging]
[data: ]
[valid: ]
[num_iterations: 500]
[learning_rate: 0.05]
[num_leaves: 31]
[num_threads: 0]
[seed: 0]
[deterministic: 0]
[force_col_wise: 0]
[force_row_wise: 1]
[histogram_pool_size: -1]
[max_depth: -1]
[min_data_in_leaf: 20]
[min_sum_hessian_in_leaf: 0.001]
[bagging_fraction: 1]
[pos_bagging_fraction: 1]
[neg_bagging_fraction: 1]
[bagging_freq: 0]
[bagging_seed: 3]
[bagging_by_query: 0]
[feature_fraction: 1]
[feature_fraction_bynode: 1]
[feature_fraction_seed: 2]
[extra_trees: 0]
[extra_seed: 6]
[early_stopping_round: 0]
[early_stopping_min_delta: 0]
[first_metric_only: 0]
[max_delta_step: 0]
[lambda_l1: 0]
[lambda_l2: 0]
[linear_lambda: 0]
[min_gain_to_split: 0]
[drop_rate: 0.1]
[max_drop: 50]
[skip_drop: 0.5]
[xgboost_dart_mode: 0]
[uniform_drop: 0]
[drop_seed: 4]
[top_rate: 0.2]
[other_rate: 0.1]
[min_data_per_group: 100]
[max_cat_threshold: 32]
[cat_l2: 10]
[cat_smooth: 10]
[max_cat_to_onehot: 4]
[top_k: 20]
[monotone_constraints: ]
[monotone_constraints_method: basic]
[monotone_penalty: 0]
[feature_contri: ]
[forcedsplits_filename: ]
[refit_decay_rate: 0.9]
[cegb_tradeoff: 1]
[cegb_penalty_split: 0]
[cegb_penalty_feature_lazy: ]
[cegb_penalty_feature_coupled: ]
[path_smooth: 0]
[interaction_constraints: ]
[verbosity: -1]
[saved_feature_importance_type: 0]
[use_quantized_grad: 0]
[num_grad_quant_bins: 4]
[quant_train_renew_leaf: 0]
[stochastic_rounding: 1]
[linear_tree: 0]
[max_bin: 255]
[max_bin_by_feature: ]
[min_data_in_bin: 3]
[bin_construct_sample_cnt: 200000]
[data_random_seed: 1]
[is_enable_sparse: 1]
[enable_bundle: 1]
[use_missing: 1]
[zero_as_missing: 0]
[feature_pre_filter: 1]
[pre_partition: 0]
[two_round: 0]
[header: 0]
[label_column: ]
[weight_column: ]
[group_column: ]
[ignore_column: ]
[categorical_feature: ]
[forcedbins_filename: ]
[precise_float_parser: 0]
[parser_config_file: ]
[objective_seed: 5]
[num_class: 1]
[is_unbalance: 0]
[scale_pos_weight: 1]
[sigmoid: 1]
[boost_from_average: 1]
[reg_sqrt: 0]
[alpha: 0.9]
[fair_c: 1]
[poisson_max_delta_step: 0.7]
[tweedie_variance_power: 1.5]
[lambdarank_truncation_level: 30]
[lambdarank_norm: 1]
[label_gain: ]
[lambdarank_position_bias_regularization: 0]
[eval_at: 1,10]
[multi_error_top_k: 1]
[auc_mu_weights: ]
[num_machines: 1]
[local_listen_port: 12400]
[time_out: 120]
[machine_list_filename: ]
[machines: ]
[gpu_platform_id: -1]
[gpu_device_id: -1]
[gpu_use_dp: 0]
[num_gpu: 1]

end of parameters

pandas_categorical:null
